source,url,bias,reliability